F:[126, 360, 125, 536, 301, 217, 580, 419, 486, 250, 30, 149, 405, 46, 59, 143, 224, 161, 4, 113, 862, 354, 30, 332, 552, 888, 148, 57, 242, 1133]
T:[0, 0, 0, 0, 0, 0, 0, 0, 0, 0, 0, 0, 0, 0, 0, 0, 0, 0, 0, 0, 0, 0, 0, 0, 0, 0, 0, 0, 0, 0]
firstSeleteArray:[583226, 1426336, 404099, 2439763, 1233807, 632593, 2233482, 1326892, 1601241, 784582, 67351, 382946, 1314906, 130822, 104023, 467569, 824769, 492612, 4585, 362140, 3392537, 2263460, 40551, 1035289, 1938704, 3025802, 530692, 130823, 677725, 4366449]
firstGenerateArray:[5304755, 16437252, 6243830, 24734739, 11924866, 8909186, 25012596, 18580783, 19986061, 10986133, 1084661, 5828096, 16673824, 2367119, 2208445, 5618951, 9101744, 6447601, 112487, 4608705, 39269221, 14066661, 1289867, 13722882, 23872516, 36024846, 5742030, 2250038, 9063338, 50024688]
firstExecuteArray:[2235986, 3129848, 924555, 3812483, 1932280, 1391484, 4276196, 2639759, 3161215, 1589273, 174545, 919635, 2490890, 368848, 353666, 880122, 1383677, 1070938, 24678, 764836, 6668728, 2192541, 201688, 2184074, 3455310, 5658740, 902661, 346288, 1409392, 7692523]
allSeleteArray:[49960961, 42447089, 36414835, 36365447, 36045665, 35899267, 36118565, 35651081, 35513196, 37560109, 35113302, 36656400, 34945440, 35009631, 40795088, 36480769, 36172923, 36540387, 37002333, 35011012, 35429911, 36971973, 39184948, 35001858, 36477559, 36556176, 35853437, 37470575, 36908399, 40798845]
allGenerateArray:[351542833, 323684783, 324741460, 327230463, 236901742, 278371473, 334252681, 317874530, 319612086, 285822322, 308240029, 294416020, 338393531, 327193152, 333105424, 273986852, 349584076, 295943822, 323203624, 312806915, 331192549, 277949171, 339083639, 293916950, 326739002, 327298005, 294276608, 317282893, 337750741, 390408923]
allExecuteArray:[90327765, 63812379, 49250958, 50312057, 35835931, 41797128, 50643917, 48615779, 48911983, 44089796, 45538342, 47662409, 50646976, 49382591, 51970554, 42005187, 53307887, 44886798, 47342727, 48587638, 50411593, 41281653, 53176371, 45194837, 49253285, 49890170, 45322801, 48875517, 50746026, 60096966]
averageF:311.0
averageT:0.0
averagefirstSelete:1140659.0
averagefirstGenerate:1.324993E7
averagefirstExecute:2141228.0
averageallSelete:3.7211906E7
averageallGenerate:3.16426876E8
averageallExecute:4.99726E7
